1.00903375
0.00303919
0.11751101
0.07619778
0.00926810
0.00652024
0.00303919
1.00152451
0.03998358
0.02610400
0.00312247
0.00230658
0.11751101
0.03998358
3.91166514
1.89219417
0.12133086
0.10000504
0.07619778
0.02610400
1.89219417
2.23418574
0.07867498
0.06511849
0.00926810
0.00312247
0.12133086
0.07867498
1.00951239
0.00670230
0.00652024
0.00230658
0.10000504
0.06511849
0.00670230
1.00527133
1.00960576
0.00325414
0.11632926
0.07526038
0.00983296
0.00659464
0.00325414
1.00162252
0.05023143
0.03271216
0.00334086
0.00248204
0.11632926
0.05023143
3.92245358
1.89949371
0.11996919
0.09772127
0.07526038
0.03271216
1.89949371
2.23853754
0.07762096
0.06354799
0.00983296
0.00334086
0.11996919
0.07762096
1.01006964
0.00676685
0.00659464
0.00248204
0.09772127
0.06354799
0.00676685
1.00510668
0.00043547
0.00015639
0.00754222
0.00490692
0.00044840
0.00035015
0.00054311
0.00021327
0.00982439
0.00641528
0.00055828
0.00043018
